-8.000000 0.000000 0.000000 1.000000 0.000000 0.000000 0.000000 0.000000 1.000000
-7.997862 -0.160526 0.000000 0.999799 0.020067 0.000000 0.000000 0.000000 1.000000
-7.991486 -0.320994 0.000000 0.999194 0.040135 0.000000 0.000000 0.000000 1.000000
-7.980930 -0.481347 0.000000 0.998186 0.060203 0.000000 0.000000 0.000000 1.000000
-7.966251 -0.641528 0.000000 0.996773 0.080271 0.000000 0.000000 0.000000 1.000000
-7.947506 -0.801478 0.000000 0.994953 0.100338 0.000000 0.000000 0.000000 1.000000
-7.924754 -0.961142 0.000000 0.992725 0.120401 0.000000 0.000000 0.000000 1.000000
-7.898051 -1.120461 0.000000 0.990086 0.140459 0.000000 0.000000 0.000000 1.000000
-7.867455 -1.279378 0.000000 0.987035 0.160508 0.000000 0.000000 0.000000 1.000000
-7.833024 -1.437834 0.000000 0.983567 0.180544 0.000000 0.000000 0.000000 1.000000
-7.794814 -1.595774 0.000000 0.979681 0.200563 0.000000 0.000000 0.000000 1.000000
-7.752884 -1.753139 0.000000 0.975374 0.220559 0.000000 0.000000 0.000000 1.000000
-7.707291 -1.909872 0.000000 0.970643 0.240526 0.000000 0.000000 0.000000 1.000000
-7.658092 -2.065916 0.000000 0.965485 0.260458 0.000000 0.000000 0.000000 1.000000
-7.605344 -2.221213 0.000000 0.959899 0.280347 0.000000 0.000000 0.000000 1.000000
-7.549106 -2.375705 0.000000 0.953881 0.300186 0.000000 0.000000 0.000000 1.000000
-7.489435 -2.529335 0.000000 0.947429 0.319966 0.000000 0.000000 0.000000 1.000000
-7.426387 -2.682046 0.000000 0.940542 0.339677 0.000000 0.000000 0.000000 1.000000
-7.360022 -2.833779 0.000000 0.933218 0.359311 0.000000 0.000000 0.000000 1.000000
-7.290395 -2.984479 0.000000 0.925456 0.378855 0.000000 0.000000 0.000000 1.000000
-7.217565 -3.134087 0.000000 0.917255 0.398300 0.000000 0.000000 0.000000 1.000000
-7.141588 -3.282545 0.000000 0.908615 0.417634 0.000000 0.000000 0.000000 1.000000
-7.062524 -3.429797 0.000000 0.899537 0.436845 0.000000 0.000000 0.000000 1.000000
-6.980428 -3.575785 0.000000 0.890020 0.455921 0.000000 0.000000 0.000000 1.000000
-6.895358 -3.720451 0.000000 0.880068 0.474848 0.000000 0.000000 0.000000 1.000000
-6.807373 -3.863738 0.000000 0.869681 0.493615 0.000000 0.000000 0.000000 1.000000
-6.716528 -4.005589 0.000000 0.858862 0.512206 0.000000 0.000000 0.000000 1.000000
-6.622883 -4.145945 0.000000 0.847616 0.530610 0.000000 0.000000 0.000000 1.000000
-6.526493 -4.284750 0.000000 0.835946 0.548812 0.000000 0.000000 0.000000 1.000000
-6.427417 -4.421947 0.000000 0.823857 0.566798 0.000000 0.000000 0.000000 1.000000
-6.325713 -4.557476 0.000000 0.811354 0.584555 0.000000 0.000000 0.000000 1.000000
-6.221437 -4.691282 0.000000 0.798445 0.602068 0.000000 0.000000 0.000000 1.000000
-6.114647 -4.823307 0.000000 0.785135 0.619324 0.000000 0.000000 0.000000 1.000000
-6.005400 -4.953493 0.000000 0.771434 0.636309 0.000000 0.000000 0.000000 1.000000
-5.893755 -5.081782 0.000000 0.757349 0.653010 0.000000 0.000000 0.000000 1.000000
-5.779768 -5.208118 0.000000 0.742890 0.669414 0.000000 0.000000 0.000000 1.000000
-5.663497 -5.332443 0.000000 0.728066 0.685507 0.000000 0.000000 0.000000 1.000000
-5.544999 -5.454699 0.000000 0.712888 0.701278 0.000000 0.000000 0.000000 1.000000
-5.424332 -5.574829 0.000000 0.697366 0.716715 0.000000 0.000000 0.000000 1.000000
-5.301553 -5.692776 0.000000 0.681514 0.731805 0.000000 0.000000 0.000000 1.000000
-5.176720 -5.808481 0.000000 0.665342 0.746539 0.000000 0.000000 0.000000 1.000000
-5.049891 -5.921888 0.000000 0.648862 0.760906 0.000000 0.000000 0.000000 1.000000
-4.921122 -6.032939 0.000000 0.632089 0.774896 0.000000 0.000000 0.000000 1.000000
-4.790471 -6.141577 0.000000 0.615035 0.788500 0.000000 0.000000 0.000000 1.000000
-4.657996 -6.247744 0.000000 0.597713 0.801710 0.000000 0.000000 0.000000 1.000000
-4.523753 -6.351382 0.000000 0.580138 0.814518 0.000000 0.000000 0.000000 1.000000
-4.387802 -6.452435 0.000000 0.562323 0.826918 0.000000 0.000000 0.000000 1.000000
-4.250198 -6.550845 0.000000 0.544281 0.838903 0.000000 0.000000 0.000000 1.000000
-4.110999 -6.646554 0.000000 0.526028 0.850467 0.000000 0.000000 0.000000 1.000000
-3.970264 -6.739504 0.000000 0.507576 0.861607 0.000000 0.000000 0.000000 1.000000
-3.828049 -6.829639 0.000000 0.488939 0.872318 0.000000 0.000000 0.000000 1.000000
-3.684412 -6.916901 0.000000 0.470131 0.882597 0.000000 0.000000 0.000000 1.000000
-3.539410 -7.001233 0.000000 0.451165 0.892440 0.000000 0.000000 0.000000 1.000000
-3.393101 -7.082576 0.000000 0.432055 0.901847 0.000000 0.000000 0.000000 1.000000
-3.245542 -7.160874 0.000000 0.412812 0.910816 0.000000 0.000000 0.000000 1.000000
-3.096790 -7.236069 0.000000 0.393449 0.919346 0.000000 0.000000 0.000000 1.000000
-2.946904 -7.308104 0.000000 0.373978 0.927438 0.000000 0.000000 0.000000 1.000000
-2.795941 -7.376921 0.000000 0.354410 0.935090 0.000000 0.000000 0.000000 1.000000
-2.643957 -7.442462 0.000000 0.334757 0.942305 0.000000 0.000000 0.000000 1.000000
-2.491011 -7.504671 0.000000 0.315027 0.949083 0.000000 0.000000 0.000000 1.000000
-2.337160 -7.563490 0.000000 0.295232 0.955426 0.000000 0.000000 0.000000 1.000000
-2.182462 -7.618861 0.000000 0.275379 0.961336 0.000000 0.000000 0.000000 1.000000
-2.026973 -7.670726 0.000000 0.255479 0.966815 0.000000 0.000000 0.000000 1.000000
-1.870752 -7.719029 0.000000 0.235537 0.971865 0.000000 0.000000 0.000000 1.000000
-1.713855 -7.763712 0.000000 0.215562 0.976490 0.000000 0.000000 0.000000 1.000000
-1.556341 -7.804718 0.000000 0.195560 0.980692 0.000000 0.000000 0.000000 1.000000
-1.398266 -7.841988 0.000000 0.175537 0.984473 0.000000 0.000000 0.000000 1.000000
-1.239689 -7.875466 0.000000 0.155497 0.987836 0.000000 0.000000 0.000000 1.000000
-1.080667 -7.905094 0.000000 0.135445 0.990785 0.000000 0.000000 0.000000 1.000000
-0.921256 -7.930815 0.000000 0.115386 0.993321 0.000000 0.000000 0.000000 1.000000
-0.761515 -7.952571 0.000000 0.095321 0.995447 0.000000 0.000000 0.000000 1.000000
-0.601502 -7.970304 0.000000 0.075254 0.997164 0.000000 0.000000 0.000000 1.000000
-0.441272 -7.983958 0.000000 0.055186 0.998476 0.000000 0.000000 0.000000 1.000000
-0.280885 -7.993474 0.000000 0.035118 0.999383 0.000000 0.000000 0.000000 1.000000
-0.120397 -7.998796 0.000000 0.015050 0.999887 0.000000 0.000000 0.000000 1.000000
0.040134 -7.999866 0.000000 -0.005017 0.999987 0.000000 0.000000 0.000000 1.000000
0.200650 -7.996663 0.000000 -0.025084 0.999685 0.000000 0.000000 0.000000 1.000000
0.361095 -7.989237 0.000000 -0.045152 0.998980 0.000000 0.000000 0.000000 1.000000
0.521410 -7.977644 0.000000 -0.065220 0.997871 0.000000 0.000000 0.000000 1.000000
0.681539 -7.961944 0.000000 -0.085288 0.996356 0.000000 0.000000 0.000000 1.000000
0.841424 -7.942192 0.000000 -0.105354 0.994435 0.000000 0.000000 0.000000 1.000000
1.001006 -7.918446 0.000000 -0.125416 0.992104 0.000000 0.000000 0.000000 1.000000
1.160230 -7.890765 0.000000 -0.145472 0.989362 0.000000 0.000000 0.000000 1.000000
1.319037 -7.859205 0.000000 -0.165518 0.986207 0.000000 0.000000 0.000000 1.000000
1.477370 -7.823823 0.000000 -0.185551 0.982635 0.000000 0.000000 0.000000 1.000000
1.635172 -7.784678 0.000000 -0.205564 0.978644 0.000000 0.000000 0.000000 1.000000
1.792384 -7.741827 0.000000 -0.225553 0.974231 0.000000 0.000000 0.000000 1.000000
1.948950 -7.695327 0.000000 -0.245513 0.969393 0.000000 0.000000 0.000000 1.000000
2.104812 -7.645235 0.000000 -0.265435 0.964129 0.000000 0.000000 0.000000 1.000000
2.259913 -7.591610 0.000000 -0.285312 0.958435 0.000000 0.000000 0.000000 1.000000
2.414195 -7.534508 0.000000 -0.305137 0.952308 0.000000 0.000000 0.000000 1.000000
2.567601 -7.473987 0.000000 -0.324901 0.945748 0.000000 0.000000 0.000000 1.000000
2.720073 -7.410105 0.000000 -0.344593 0.938752 0.000000 0.000000 0.000000 1.000000
2.871554 -7.342918 0.000000 -0.364206 0.931319 0.000000 0.000000 0.000000 1.000000
3.021986 -7.272485 0.000000 -0.383726 0.923447 0.000000 0.000000 0.000000 1.000000
3.171312 -7.198863 0.000000 -0.403145 0.915136 0.000000 0.000000 0.000000 1.000000
3.319474 -7.122110 0.000000 -0.422449 0.906387 0.000000 0.000000 0.000000 1.000000
3.466415 -7.042282 0.000000 -0.441627 0.897199 0.000000 0.000000 0.000000 1.000000
3.612078 -6.959437 0.000000 -0.460667 0.887573 0.000000 0.000000 0.000000 1.000000
3.756405 -6.873633 0.000000 -0.479555 0.877512 0.000000 0.000000 0.000000 1.000000
3.899338 -6.784927 0.000000 -0.498279 0.867016 0.000000 0.000000 0.000000 1.000000
4.040820 -6.693377 0.000000 -0.516826 0.856091 0.000000 0.000000 0.000000 1.000000
4.180794 -6.599040 0.000000 -0.535180 0.844738 0.000000 0.000000 0.000000 1.000000
4.319203 -6.501974 0.000000 -0.553329 0.832962 0.000000 0.000000 0.000000 1.000000
4.455988 -6.402236 0.000000 -0.571260 0.820769 0.000000 0.000000 0.000000 1.000000
4.591092 -6.299883 0.000000 -0.588957 0.808165 0.000000 0.000000 0.000000 1.000000
4.724458 -6.194973 0.000000 -0.606407 0.795155 0.000000 0.000000 0.000000 1.000000
4.856028 -6.087563 0.000000 -0.623596 0.781746 0.000000 0.000000 0.000000 1.000000
4.985745 -5.977712 0.000000 -0.640512 0.767948 0.000000 0.000000 0.000000 1.000000
5.113552 -5.865475 0.000000 -0.657140 0.753769 0.000000 0.000000 0.000000 1.000000
5.239390 -5.750912 0.000000 -0.673467 0.739217 0.000000 0.000000 0.000000 1.000000
5.363203 -5.634079 0.000000 -0.689481 0.724304 0.000000 0.000000 0.000000 1.000000
5.484933 -5.515033 0.000000 -0.705169 0.709039 0.000000 0.000000 0.000000 1.000000
5.604523 -5.393833 0.000000 -0.720520 0.693434 0.000000 0.000000 0.000000 1.000000
5.721914 -5.270535 0.000000 -0.735523 0.677500 0.000000 0.000000 0.000000 1.000000
5.837051 -5.145198 0.000000 -0.750166 0.661250 0.000000 0.000000 0.000000 1.000000
5.949874 -5.017878 0.000000 -0.764439 0.644696 0.000000 0.000000 0.000000 1.000000
6.060327 -4.888633 0.000000 -0.778333 0.627851 0.000000 0.000000 0.000000 1.000000
6.168353 -4.757521 0.000000 -0.791840 0.610729 0.000000 0.000000 0.000000 1.000000
6.273893 -4.624598 0.000000 -0.804950 0.593343 0.000000 0.000000 0.000000 1.000000
6.376890 -4.489923 0.000000 -0.817657 0.575706 0.000000 0.000000 0.000000 1.000000
6.477288 -4.353553 0.000000 -0.829953 0.557833 0.000000 0.000000 0.000000 1.000000
6.575027 -4.215545 0.000000 -0.841834 0.539737 0.000000 0.000000 0.000000 1.000000
6.670052 -4.075957 0.000000 -0.853292 0.521433 0.000000 0.000000 0.000000 1.000000
6.762304 -3.934847 0.000000 -0.864325 0.502933 0.000000 0.000000 0.000000 1.000000
6.851726 -3.792271 0.000000 -0.874928 0.484252 0.000000 0.000000 0.000000 1.000000
6.938261 -3.648287 0.000000 -0.885098 0.465404 0.000000 0.000000 0.000000 1.000000
7.021851 -3.502953 0.000000 -0.894833 0.446401 0.000000 0.000000 0.000000 1.000000
7.102439 -3.356326 0.000000 -0.904131 0.427256 0.000000 0.000000 0.000000 1.000000
7.179966 -3.208463 0.000000 -0.912990 0.407982 0.000000 0.000000 0.000000 1.000000
7.254377 -3.059423 0.000000 -0.921410 0.388591 0.000000 0.000000 0.000000 1.000000
7.325612 -2.909262 0.000000 -0.929392 0.369095 0.000000 0.000000 0.000000 1.000000
7.393616 -2.758038 0.000000 -0.936935 0.349504 0.000000 0.000000 0.000000 1.000000
7.458329 -2.605809 0.000000 -0.944040 0.329831 0.000000 0.000000 0.000000 1.000000
7.519696 -2.452631 0.000000 -0.950709 0.310084 0.000000 0.000000 0.000000 1.000000
7.577658 -2.298563 0.000000 -0.956944 0.290274 0.000000 0.000000 0.000000 1.000000
7.632158 -2.143661 0.000000 -0.962746 0.270409 0.000000 0.000000 0.000000 1.000000
7.683138 -1.987984 0.000000 -0.968117 0.250497 0.000000 0.000000 0.000000 1.000000
7.730542 -1.831589 0.000000 -0.973061 0.230546 0.000000 0.000000 0.000000 1.000000
7.774311 -1.674532 0.000000 -0.977580 0.210564 0.000000 0.000000 0.000000 1.000000
7.814388 -1.516873 0.000000 -0.981676 0.190556 0.000000 0.000000 0.000000 1.000000
7.850715 -1.358667 0.000000 -0.985353 0.170528 0.000000 0.000000 0.000000 1.000000
7.883236 -1.199973 0.000000 -0.988612 0.150485 0.000000 0.000000 0.000000 1.000000
7.911893 -1.040848 0.000000 -0.991457 0.130431 0.000000 0.000000 0.000000 1.000000
7.936628 -0.881350 0.000000 -0.993891 0.110370 0.000000 0.000000 0.000000 1.000000
7.957383 -0.721535 0.000000 -0.995914 0.090304 0.000000 0.000000 0.000000 1.000000
7.974102 -0.561462 0.000000 -0.997530 0.070237 0.000000 0.000000 0.000000 1.000000
7.986727 -0.401188 0.000000 -0.998741 0.050169 0.000000 0.000000 0.000000 1.000000
7.995200 -0.240770 0.000000 -0.999547 0.030101 0.000000 0.000000 0.000000 1.000000
7.999464 -0.080266 0.000000 -0.999950 0.010033 0.000000 0.000000 0.000000 1.000000
7.999464 0.080266 0.000000 -0.999950 -0.010033 0.000000 0.000000 0.000000 1.000000
7.995200 0.240770 0.000000 -0.999547 -0.030101 0.000000 0.000000 0.000000 1.000000
7.986727 0.401188 0.000000 -0.998741 -0.050169 0.000000 0.000000 0.000000 1.000000
7.974102 0.561462 0.000000 -0.997530 -0.070237 0.000000 0.000000 0.000000 1.000000
7.957383 0.721535 0.000000 -0.995914 -0.090304 0.000000 0.000000 0.000000 1.000000
7.936628 0.881350 0.000000 -0.993891 -0.110370 0.000000 0.000000 0.000000 1.000000
7.911893 1.040848 0.000000 -0.991457 -0.130431 0.000000 0.000000 0.000000 1.000000
7.883236 1.199973 0.000000 -0.988612 -0.150485 0.000000 0.000000 0.000000 1.000000
7.850715 1.358667 0.000000 -0.985353 -0.170528 0.000000 0.000000 0.000000 1.000000
7.814388 1.516873 0.000000 -0.981676 -0.190556 0.000000 0.000000 0.000000 1.000000
7.774311 1.674532 0.000000 -0.977580 -0.210564 0.000000 0.000000 0.000000 1.000000
7.730542 1.831589 0.000000 -0.973061 -0.230546 0.000000 0.000000 0.000000 1.000000
7.683138 1.987984 0.000000 -0.968117 -0.250497 0.000000 0.000000 0.000000 1.000000
7.632158 2.143661 0.000000 -0.962746 -0.270409 0.000000 0.000000 0.000000 1.000000
7.577658 2.298563 0.000000 -0.956944 -0.290274 0.000000 0.000000 0.000000 1.000000
7.519696 2.452631 0.000000 -0.950709 -0.310084 0.000000 0.000000 0.000000 1.000000
7.458329 2.605809 0.000000 -0.944040 -0.329831 0.000000 0.000000 0.000000 1.000000
7.393616 2.758038 0.000000 -0.936935 -0.349504 0.000000 0.000000 0.000000 1.000000
7.325612 2.909262 0.000000 -0.929392 -0.369095 0.000000 0.000000 0.000000 1.000000
7.254377 3.059423 0.000000 -0.921410 -0.388591 0.000000 0.000000 0.000000 1.000000
7.179966 3.208463 0.000000 -0.912990 -0.407982 0.000000 0.000000 0.000000 1.000000
7.102439 3.356326 0.000000 -0.904131 -0.427256 0.000000 0.000000 0.000000 1.000000
7.021851 3.502953 0.000000 -0.894833 -0.446401 0.000000 0.000000 0.000000 1.000000
6.938261 3.648287 0.000000 -0.885098 -0.465404 0.000000 0.000000 0.000000 1.000000
6.851726 3.792271 0.000000 -0.874928 -0.484252 0.000000 0.000000 0.000000 1.000000
6.762304 3.934847 0.000000 -0.864325 -0.502933 0.000000 0.000000 0.000000 1.000000
6.670052 4.075957 0.000000 -0.853292 -0.521433 0.000000 0.000000 0.000000 1.000000
6.575027 4.215545 0.000000 -0.841834 -0.539737 0.000000 0.000000 0.000000 1.000000
6.477288 4.353553 0.000000 -0.829953 -0.557833 0.000000 0.000000 0.000000 1.000000
6.376890 4.489923 0.000000 -0.817657 -0.575706 0.000000 0.000000 0.000000 1.000000
6.273893 4.624598 0.000000 -0.804950 -0.593343 0.000000 0.000000 0.000000 1.000000
6.168353 4.757521 0.000000 -0.791840 -0.610729 0.000000 0.000000 0.000000 1.000000
6.060327 4.888633 0.000000 -0.778333 -0.627851 0.000000 0.000000 0.000000 1.000000
5.949874 5.017878 0.000000 -0.764439 -0.644696 0.000000 0.000000 0.000000 1.000000
5.837051 5.145198 0.000000 -0.750166 -0.661250 0.000000 0.000000 0.000000 1.000000
5.721914 5.270535 0.000000 -0.735523 -0.677500 0.000000 0.000000 0.000000 1.000000
5.604523 5.393833 0.000000 -0.720520 -0.693434 0.000000 0.000000 0.000000 1.000000
5.484933 5.515033 0.000000 -0.705169 -0.709039 0.000000 0.000000 0.000000 1.000000
5.363203 5.634079 0.000000 -0.689481 -0.724304 0.000000 0.000000 0.000000 1.000000
5.239390 5.750912 0.000000 -0.673467 -0.739217 0.000000 0.000000 0.000000 1.000000
5.113552 5.865475 0.000000 -0.657140 -0.753769 0.000000 0.000000 0.000000 1.000000
4.985745 5.977712 0.000000 -0.640512 -0.767948 0.000000 0.000000 0.000000 1.000000
4.856028 6.087563 0.000000 -0.623596 -0.781746 0.000000 0.000000 0.000000 1.000000
4.724458 6.194973 0.000000 -0.606407 -0.795155 0.000000 0.000000 0.000000 1.000000
4.591092 6.299883 0.000000 -0.588957 -0.808165 0.000000 0.000000 0.000000 1.000000
4.455988 6.402236 0.000000 -0.571260 -0.820769 0.000000 0.000000 0.000000 1.000000
4.319203 6.501974 0.000000 -0.553329 -0.832962 0.000000 0.000000 0.000000 1.000000
4.180794 6.599040 0.000000 -0.535180 -0.844738 0.000000 0.000000 0.000000 1.000000
4.040820 6.693377 0.000000 -0.516826 -0.856091 0.000000 0.000000 0.000000 1.000000
3.899338 6.784927 0.000000 -0.498279 -0.867016 0.000000 0.000000 0.000000 1.000000
3.756405 6.873633 0.000000 -0.479555 -0.877512 0.000000 0.000000 0.000000 1.000000
3.612078 6.959437 0.000000 -0.460667 -0.887573 0.000000 0.000000 0.000000 1.000000
3.466415 7.042282 0.000000 -0.441627 -0.897199 0.000000 0.000000 0.000000 1.000000
3.319474 7.122110 0.000000 -0.422449 -0.906387 0.000000 0.000000 0.000000 1.000000
3.171312 7.198863 0.000000 -0.403145 -0.915136 0.000000 0.000000 0.000000 1.000000
3.021986 7.272485 0.000000 -0.383726 -0.923447 0.000000 0.000000 0.000000 1.000000
2.871554 7.342918 0.000000 -0.364206 -0.931319 0.000000 0.000000 0.000000 1.000000
2.720073 7.410105 0.000000 -0.344593 -0.938752 0.000000 0.000000 0.000000 1.000000
2.567601 7.473987 0.000000 -0.324901 -0.945748 0.000000 0.000000 0.000000 1.000000
2.414195 7.534508 0.000000 -0.305137 -0.952308 0.000000 0.000000 0.000000 1.000000
2.259913 7.591610 0.000000 -0.285312 -0.958435 0.000000 0.000000 0.000000 1.000000
2.104812 7.645235 0.000000 -0.265435 -0.964129 0.000000 0.000000 0.000000 1.000000
1.948950 7.695327 0.000000 -0.245513 -0.969393 0.000000 0.000000 0.000000 1.000000
1.792384 7.741827 0.000000 -0.225553 -0.974231 0.000000 0.000000 0.000000 1.000000
1.635172 7.784678 0.000000 -0.205564 -0.978644 0.000000 0.000000 0.000000 1.000000
1.477370 7.823823 0.000000 -0.185551 -0.982635 0.000000 0.000000 0.000000 1.000000
1.319037 7.859205 0.000000 -0.165518 -0.986207 0.000000 0.000000 0.000000 1.000000
1.160230 7.890765 0.000000 -0.145472 -0.989362 0.000000 0.000000 0.000000 1.000000
1.001006 7.918446 0.000000 -0.125416 -0.992104 0.000000 0.000000 0.000000 1.000000
0.841424 7.942192 0.000000 -0.105354 -0.994435 0.000000 0.000000 0.000000 1.000000
0.681539 7.961944 0.000000 -0.085288 -0.996356 0.000000 0.000000 0.000000 1.000000
0.521410 7.977644 0.000000 -0.065220 -0.997871 0.000000 0.000000 0.000000 1.000000
0.361095 7.989237 0.000000 -0.045152 -0.998980 0.000000 0.000000 0.000000 1.000000
0.200650 7.996663 0.000000 -0.025084 -0.999685 0.000000 0.000000 0.000000 1.000000
0.040134 7.999866 0.000000 -0.005017 -0.999987 0.000000 0.000000 0.000000 1.000000
-0.120397 7.998796 0.000000 0.015050 -0.999887 0.000000 0.000000 0.000000 1.000000
-0.280885 7.993474 0.000000 0.035118 -0.999383 0.000000 0.000000 0.000000 1.000000
-0.441272 7.983958 0.000000 0.055186 -0.998476 0.000000 0.000000 0.000000 1.000000
-0.601502 7.970304 0.000000 0.075254 -0.997164 0.000000 0.000000 0.000000 1.000000
-0.761515 7.952571 0.000000 0.095321 -0.995447 0.000000 0.000000 0.000000 1.000000
-0.921256 7.930815 0.000000 0.115386 -0.993321 0.000000 0.000000 0.000000 1.000000
-1.080667 7.905094 0.000000 0.135445 -0.990785 0.000000 0.000000 0.000000 1.000000
-1.239689 7.875466 0.000000 0.155497 -0.987836 0.000000 0.000000 0.000000 1.000000
-1.398266 7.841988 0.000000 0.175537 -0.984473 0.000000 0.000000 0.000000 1.000000
-1.556341 7.804718 0.000000 0.195560 -0.980692 0.000000 0.000000 0.000000 1.000000
-1.713855 7.763712 0.000000 0.215562 -0.976490 0.000000 0.000000 0.000000 1.000000
-1.870752 7.719029 0.000000 0.235537 -0.971865 0.000000 0.000000 0.000000 1.000000
-2.026973 7.670726 0.000000 0.255479 -0.966815 0.000000 0.000000 0.000000 1.000000
-2.182462 7.618861 0.000000 0.275379 -0.961336 0.000000 0.000000 0.000000 1.000000
-2.337160 7.563490 0.000000 0.295232 -0.955426 0.000000 0.000000 0.000000 1.000000
-2.491011 7.504671 0.000000 0.315027 -0.949083 0.000000 0.000000 0.000000 1.000000
-2.643957 7.442462 0.000000 0.334757 -0.942305 0.000000 0.000000 0.000000 1.000000
-2.795941 7.376921 0.000000 0.354410 -0.935090 0.000000 0.000000 0.000000 1.000000
-2.946904 7.308104 0.000000 0.373978 -0.927438 0.000000 0.000000 0.000000 1.000000
-3.096790 7.236069 0.000000 0.393449 -0.919346 0.000000 0.000000 0.000000 1.000000
-3.245542 7.160874 0.000000 0.412812 -0.910816 0.000000 0.000000 0.000000 1.000000
-3.393101 7.082576 0.000000 0.432055 -0.901847 0.000000 0.000000 0.000000 1.000000
-3.539410 7.001233 0.000000 0.451165 -0.892440 0.000000 0.000000 0.000000 1.000000
-3.684412 6.916901 0.000000 0.470131 -0.882597 0.000000 0.000000 0.000000 1.000000
-3.828049 6.829639 0.000000 0.488939 -0.872318 0.000000 0.000000 0.000000 1.000000
-3.970264 6.739504 0.000000 0.507576 -0.861607 0.000000 0.000000 0.000000 1.000000
-4.110999 6.646554 0.000000 0.526028 -0.850467 0.000000 0.000000 0.000000 1.000000
-4.250198 6.550845 0.000000 0.544281 -0.838903 0.000000 0.000000 0.000000 1.000000
-4.387802 6.452435 0.000000 0.562323 -0.826918 0.000000 0.000000 0.000000 1.000000
-4.523753 6.351382 0.000000 0.580138 -0.814518 0.000000 0.000000 0.000000 1.000000
-4.657996 6.247744 0.000000 0.597713 -0.801710 0.000000 0.000000 0.000000 1.000000
-4.790471 6.141577 0.000000 0.615035 -0.788500 0.000000 0.000000 0.000000 1.000000
-4.921122 6.032939 0.000000 0.632089 -0.774896 0.000000 0.000000 0.000000 1.000000
-5.049891 5.921888 0.000000 0.648862 -0.760906 0.000000 0.000000 0.000000 1.000000
-5.176720 5.808481 0.000000 0.665342 -0.746539 0.000000 0.000000 0.000000 1.000000
-5.301553 5.692776 0.000000 0.681514 -0.731805 0.000000 0.000000 0.000000 1.000000
-5.424332 5.574829 0.000000 0.697366 -0.716715 0.000000 0.000000 0.000000 1.000000
-5.544999 5.454699 0.000000 0.712888 -0.701278 0.000000 0.000000 0.000000 1.000000
-5.663497 5.332443 0.000000 0.728066 -0.685507 0.000000 0.000000 0.000000 1.000000
-5.779768 5.208118 0.000000 0.742890 -0.669414 0.000000 0.000000 0.000000 1.000000
-5.893755 5.081782 0.000000 0.757349 -0.653010 0.000000 0.000000 0.000000 1.000000
-6.005400 4.953493 0.000000 0.771434 -0.636309 0.000000 0.000000 0.000000 1.000000
-6.114647 4.823307 0.000000 0.785135 -0.619324 0.000000 0.000000 0.000000 1.000000
-6.221437 4.691282 0.000000 0.798445 -0.602068 0.000000 0.000000 0.000000 1.000000
-6.325713 4.557476 0.000000 0.811354 -0.584555 0.000000 0.000000 0.000000 1.000000
-6.427417 4.421947 0.000000 0.823857 -0.566798 0.000000 0.000000 0.000000 1.000000
-6.526493 4.284750 0.000000 0.835946 -0.548812 0.000000 0.000000 0.000000 1.000000
-6.622883 4.145945 0.000000 0.847616 -0.530610 0.000000 0.000000 0.000000 1.000000
-6.716528 4.005589 0.000000 0.858862 -0.512206 0.000000 0.000000 0.000000 1.000000
-6.807373 3.863738 0.000000 0.869681 -0.493615 0.000000 0.000000 0.000000 1.000000
-6.895358 3.720451 0.000000 0.880068 -0.474848 0.000000 0.000000 0.000000 1.000000
-6.980428 3.575785 0.000000 0.890020 -0.455921 0.000000 0.000000 0.000000 1.000000
-7.062524 3.429797 0.000000 0.899537 -0.436845 0.000000 0.000000 0.000000 1.000000
-7.141588 3.282545 0.000000 0.908615 -0.417634 0.000000 0.000000 0.000000 1.000000
-7.217565 3.134087 0.000000 0.917255 -0.398300 0.000000 0.000000 0.000000 1.000000
-7.290395 2.984479 0.000000 0.925456 -0.378855 0.000000 0.000000 0.000000 1.000000
-7.360022 2.833779 0.000000 0.933218 -0.359311 0.000000 0.000000 0.000000 1.000000
-7.426387 2.682046 0.000000 0.940542 -0.339677 0.000000 0.000000 0.000000 1.000000
-7.489435 2.529335 0.000000 0.947429 -0.319966 0.000000 0.000000 0.000000 1.000000
-7.549106 2.375705 0.000000 0.953881 -0.300186 0.000000 0.000000 0.000000 1.000000
-7.605344 2.221213 0.000000 0.959899 -0.280347 0.000000 0.000000 0.000000 1.000000
-7.658092 2.065916 0.000000 0.965485 -0.260458 0.000000 0.000000 0.000000 1.000000
-7.707291 1.909872 0.000000 0.970643 -0.240526 0.000000 0.000000 0.000000 1.000000
-7.752884 1.753139 0.000000 0.975374 -0.220559 0.000000 0.000000 0.000000 1.000000
-7.794814 1.595774 0.000000 0.979681 -0.200563 0.000000 0.000000 0.000000 1.000000
-7.833024 1.437834 0.000000 0.983567 -0.180544 0.000000 0.000000 0.000000 1.000000
-7.867455 1.279378 0.000000 0.987035 -0.160508 0.000000 0.000000 0.000000 1.000000
-7.898051 1.120461 0.000000 0.990086 -0.140459 0.000000 0.000000 0.000000 1.000000
-7.924754 0.961142 0.000000 0.992725 -0.120401 0.000000 0.000000 0.000000 1.000000
-7.947506 0.801478 0.000000 0.994953 -0.100338 0.000000 0.000000 0.000000 1.000000
-7.966251 0.641528 0.000000 0.996773 -0.080271 0.000000 0.000000 0.000000 1.000000
-7.980930 0.481347 0.000000 0.998186 -0.060203 0.000000 0.000000 0.000000 1.000000
-7.991486 0.320994 0.000000 0.999194 -0.040135 0.000000 0.000000 0.000000 1.000000
-7.997862 0.160526 0.000000 0.999799 -0.020067 0.000000 0.000000 0.000000 1.000000
-8.000000 0.000000 0.000000 1.000000 0.000000 0.000000 0.000000 0.000000 1.000000
